id,Status_C,Status_CL,Status_D
7905,0.6580250832346911,0.05949061553922442,0.28248430122608453
7906,0.7011872576906892,0.12898921476318126,0.16982352754612937
7907,0.029835223931949626,0.005267233515081895,0.9648975425529684
7908,0.9479859688108688,0.0039548214799779114,0.04805920970915335
7909,0.8422064649492877,0.018586069662246334,0.13920746538846587
7910,0.9816405023615647,0.001467771061461899,0.01689172657697323
7911,0.9778466512179133,0.0020601440040715316,0.020093204778015294
7912,0.31606326733968165,0.01921006580070678,0.6647266668596116
7913,0.014327511525831121,0.0007575653485981813,0.9849149231255707
7914,0.6621781409555714,0.00890976219330346,0.32891209685112516
7915,0.7940364756631989,0.008648811103828025,0.1973147132329731
7916,0.5606812237645434,0.005291284520701532,0.4340274917147551
7917,0.6200164046523217,0.08298825468814146,0.29699534065953687
7918,0.9195186038883918,0.005255614049810312,0.07522578206179774
7919,0.5932677818014361,0.08989109833923054,0.31684111985933344
7920,0.9478309301919726,0.001159216066711017,0.05100985374131622
7921,0.8569240852925732,0.005145461301210624,0.13793045340621612
7922,0.02355703475448787,0.0027736435839048504,0.9736693216616074
7923,0.8471675303858629,0.0013097873877756035,0.15152268222636162
7924,0.6918537230601026,0.08026298914344326,0.22788328779645417
7925,0.016233168116568972,0.002306478725266417,0.9814603531581646
7926,0.8380685920322177,0.0037537738754390556,0.15817763409234323
7927,0.8490239721189531,0.01831287964280978,0.13266314823823702
7928,0.07433535059701006,0.010091841215043142,0.9155728081879468
7929,0.9058622707039657,0.005796957411870588,0.08834077188416352
7930,0.1617221382460099,0.11720154350798836,0.7210763182460017
7931,0.892066313084017,0.002187592987294423,0.10574609392868858
7932,0.18692668606609267,0.010318799501944026,0.8027545144319634
7933,0.6363347559179316,0.011891282485455366,0.35177396159661295
7934,0.9792527296384547,0.0007058244662403155,0.020041445895304995
7935,0.9553586419974229,0.005464313465538617,0.03917704453703833
7936,0.9215815799244239,0.005516502813687973,0.07290191726188805
7937,0.3467725203217622,0.014009202229599184,0.6392182774486386
7938,0.9663599200597232,0.0052491637625304045,0.028390916177746493
7939,0.34289405250840854,0.08337887741079386,0.5737270700807976
7940,0.7621556624678211,0.10192923704840706,0.13591510048377184
7941,0.11912117631807227,0.03488214774834286,0.8459966759335849
7942,0.9368741248047517,0.004385030494991859,0.05874084470025649
7943,0.04515790642832587,0.00955038361342467,0.9452917099582495
7944,0.9771448014562326,0.0010118273876658249,0.021843371156101552
7945,0.9517643588366203,0.0014067256109276001,0.04682891555245197
7946,0.8583496274256601,0.010339613384425092,0.13131075918991475
7947,0.8852954715866576,0.006625045319646445,0.10807948309369614
7948,0.13320100403609964,0.00975259675871332,0.857046399205187
7949,0.05047313211906597,0.1435840863284455,0.8059427815524886
7950,0.9550782622377567,0.004449459680735733,0.04047227808150764
7951,0.5504242298843645,0.095137626833453,0.3544381432821826
7952,0.23488414305902228,0.17924966846205945,0.5858661884789182
7953,0.025077267726838492,0.002790446487960756,0.9721322857852008
7954,0.9303752701069963,0.004940356112476978,0.06468437378052667
7955,0.2555886002424844,0.013900191992437413,0.7305112077650782
7956,0.033057502795308204,0.017068170377878424,0.9498743268268134
7957,0.9214684289035012,0.008226944430829275,0.0703046266656695
7958,0.03218266068592824,0.004246434804929895,0.963570904509142
7959,0.5111816284887797,0.016512002182095416,0.47230636932912495
7960,0.2464947041571948,0.03386105252109115,0.7196442433217141
7961,0.942010486035081,0.005922469132236119,0.052067044832682936
7962,0.21841761678957142,0.0056071728272669916,0.7759752103831615
7963,0.15470085658372398,0.12797600280696253,0.7173231406093136
7964,0.023254804357278686,0.006141875639386544,0.9706033200033347
7965,0.967799133430175,0.0021960400196670646,0.030004826550157918
7966,0.6949069739752842,0.0059828886546627194,0.299110137370053
7967,0.9287695708344484,0.013326973816310289,0.057903455349241316
7968,0.9606336973377418,0.00216276125266024,0.037203541409598063
7969,0.3364648708720357,0.02866104683863418,0.6348740822893302
7970,0.8447362138224613,0.0028274627739251577,0.15243632340361354
7971,0.9559404042396956,0.0024226205960597605,0.04163697516424473
7972,0.6033640277367934,0.09285823195039812,0.3037777403128085
7973,0.9560354410964623,0.004355010575535354,0.03960954832800223
7974,0.21254012913318818,0.14507589296925888,0.6423839778975529
7975,0.9274264534961152,0.007030752171099305,0.0655427943327854
7976,0.8562973693866944,0.003915705023059,0.13978692559024666
7977,0.9603087268619528,0.001947749620840551,0.03774352351720655
7978,0.04820971982756852,0.008860008946050674,0.9429302712263807
7979,0.27624190619939093,0.008944196576544659,0.7148138972240643
7980,0.940156952572991,0.0015693759565001805,0.05827367147050864
7981,0.8681253849127396,0.019149552774480574,0.11272506231277993
7982,0.844154160100592,0.009356126535051405,0.14648971336435673
7983,0.8609142995733706,0.010325000117258981,0.12876070030937042
7984,0.08948590467282243,0.016605416546182254,0.8939086787809954
7985,0.2515133954402401,0.004174565429534613,0.7443120391302254
7986,0.08076320966929694,0.08351721224691107,0.835719578083792
7987,0.42330476160158437,0.011954102347387207,0.5647411360510284
7988,0.6795646127539624,0.02478656162283942,0.29564882562319816
7989,0.905459430722689,0.006732146031123642,0.0878084232461875
7990,0.28001609703203034,0.007461699795872531,0.7125222031720971
7991,0.052753975138175875,0.011588538958896551,0.9356574859029276
7992,0.9613359028498469,0.007669642043930442,0.03099445510622261
7993,0.876631652340403,0.00895433015555416,0.11441401750404277
7994,0.9465186787271861,0.005885306416483748,0.04759601485633028
7995,0.8856436489543921,0.015818178395146237,0.09853817265046172
7996,0.05178479474553714,0.02801001759197385,0.9202051876624889
7997,0.8842876461314461,0.026664847912541614,0.08904750595601238
7998,0.01178390998195562,0.0010966384172754627,0.987119451600769
7999,0.009213243517965746,0.000915016521731817,0.9898717399603025
8000,0.7892132828716397,0.059806822867993895,0.15097989426036637
8001,0.9046318671636782,0.007205156862504559,0.08816297597381717
8002,0.3840361332595666,0.12779061770011538,0.48817324904031806
8003,0.6362956264451747,0.183011732036762,0.18069264151806338
8004,0.5039546340935542,0.014909456973818274,0.4811359089326274
8005,0.8053963010800995,0.00796348562283026,0.18664021329707026
8006,0.8029397481081232,0.037733805640763986,0.1593264462511129
8007,0.8121119649873211,0.003569201205009662,0.18431883380766922
8008,0.9723725187544818,0.0020157962305994014,0.02561168501491885
8009,0.8201518734571966,0.005354165860914552,0.17449396068188866
8010,0.9465808864727397,0.01645558371283433,0.036963529814425834
8011,0.8958886234189277,0.006198009455804904,0.09791336712526742
8012,0.8391452792709585,0.00460898857945993,0.15624573214958154
8013,0.13436930233991304,0.01886721842925137,0.8467634792308356
8014,0.956897656141056,0.011253318802078187,0.03184902505686581
8015,0.9347977371147972,0.002151257557849789,0.06305100532735283
8016,0.9886588481045295,0.000947990472382441,0.010393161423088021
8017,0.6244378527492155,0.0027380285014083853,0.372824118749376
8018,0.733025259355379,0.02855551294429824,0.2384192277003227
8019,0.9700764638034328,0.006308900217205232,0.023614635979362083
8020,0.8611111622571719,0.014061572031404986,0.124827265711423
8021,0.07432774586563921,0.0025836444719222855,0.9230886096624384
8022,0.10779225335230824,0.01587948476586378,0.876328261881828
8023,0.7139629020358049,0.04800738956762204,0.23802970839657303
8024,0.90934752448926,0.002034868993047512,0.08861760651769247
8025,0.08074315250124901,0.021181944708538094,0.8980749027902128
8026,0.9636951875804783,0.0016067063750926558,0.03469810604442907
8027,0.970430044221639,0.002332670196668172,0.027237285581692958
8028,0.04916614458053969,0.014389228886641944,0.9364446265328185
8029,0.06092131794520831,0.014729614263208417,0.9243490677915832
8030,0.9704463548230247,0.0010821006879762223,0.028471544488999002
8031,0.8537132338002987,0.055173357836984606,0.09111340836271656
8032,0.9397481112460955,0.0015498597204083905,0.058702029033496
8033,0.15990920096128464,0.03210153180266714,0.8079892672360482
8034,0.45359807915829964,0.0383903076500423,0.5080116131916581
8035,0.9542080508031087,0.005493172025499564,0.04029877717139194
8036,0.23464187013804771,0.7540871660602325,0.011270963801719774
8037,0.34635319611184867,0.09264506504883566,0.5610017388393157
8038,0.6745264284552902,0.010993630251427525,0.31447994129328233
8039,0.061505464132648215,0.05296742510846565,0.8855271107588861
8040,0.4531948463774327,0.05112935416492438,0.49567579945764306
8041,0.21369164213846034,0.017290894645669023,0.7690174632158705
8042,0.06097474922906259,0.0055535877391297925,0.9334716630318076
8043,0.9223967502010493,0.0036560111697654407,0.07394723862918517
8044,0.029652712551295257,0.003200658392440837,0.9671466290562638
8045,0.14554173276689125,0.12035674090187534,0.7341015263312335
8046,0.9170426827617773,0.0012900356374103599,0.08166728160081242
8047,0.8719988598056677,0.008022199725089873,0.11997894046924235
8048,0.9310429082870426,0.002643427218608068,0.0663136644943493
8049,0.6218233582248246,0.12252694591286248,0.255649695862313
8050,0.4035051125228149,0.016313195597239004,0.5801816918799461
8051,0.06783352821126887,0.004821166430907165,0.927345305357824
8052,0.9733922308147888,0.005694462668528368,0.020913306516682936
8053,0.07729695644001328,0.0126486039496034,0.9100544396103833
8054,0.8616178462888741,0.0032629991452279928,0.13511915456589793
8055,0.32692624311632845,0.20381056673769626,0.46926319014597534
8056,0.9436721141033939,0.014645681060007793,0.041682204836598465
8057,0.8907697456384418,0.002880967600645787,0.10634928676091243
8058,0.8709229578085581,0.02059366686230861,0.10848337532913309
8059,0.769394634090961,0.006474435229482031,0.22413093067955694
8060,0.13229890977868955,0.17304002018295225,0.6946610700383582
8061,0.12588023958886146,0.036541411868401555,0.837578348542737
8062,0.08208810470201232,0.005678243543892288,0.9122336517540954
8063,0.971453393398172,0.0044181468645129104,0.024128459737314988
8064,0.021942647992008943,0.008509909248287876,0.9695474427597033
8065,0.9022115505230591,0.009387320057045614,0.08840112941989522
8066,0.9680381879490921,0.002723515590617444,0.029238296460290386
8067,0.0820327560447114,0.007673114977360658,0.9102941289779279
8068,0.8792951012593887,0.014215612274907329,0.1064892864657038
8069,0.8699892572341017,0.013153989234474786,0.11685675353142352
8070,0.9689292291039591,0.0013687223377180932,0.029702048558322838
8071,0.8992462572662916,0.01528209982666519,0.08547164290704322
8072,0.9557009767003883,0.006364671968390607,0.03793435133122103
8073,0.9605151887824328,0.0022765336329614535,0.037208277584605834
8074,0.8937373006943667,0.007454081751903498,0.09880861755372963
8075,0.9182884777047456,0.02101769474669235,0.06069382754856203
8076,0.9292601128840237,0.005269696620246747,0.06547019049572952
8077,0.0687030075608564,0.1287136923913313,0.8025833000478124
8078,0.27174542197731993,0.020205789506052885,0.7080487885166272
8079,0.9563949584609724,0.0028235856015390907,0.04078145593748837
8080,0.9397550112033098,0.010071172188658979,0.050173816608031205
8081,0.9537136837051796,0.0021779261986271197,0.044108390096193356
8082,0.8885640812372859,0.008187034834805026,0.1032488839279091
8083,0.3020798142193381,0.0573846699818643,0.6405355157987977
8084,0.053150118202429826,0.005470634292176902,0.9413792475053931
8085,0.9626608487024751,0.003429950056805675,0.03390920124071904
8086,0.010615041856995655,0.0009197366500348941,0.9884652214929693
8087,0.8199255118305184,0.01668361430886719,0.16339087386061446
8088,0.15444453852536433,0.013529662845383999,0.8320257986292516
8089,0.14165948173231957,0.00446947088373692,0.8538710473839435
8090,0.03700461263874836,0.013046313767416391,0.9499490735938352
8091,0.9591476551343766,0.004790680482211018,0.036061664383412365
8092,0.015068336312781996,0.0014667776303471435,0.983464886056871
8093,0.9075872629044875,0.01915181082887082,0.07326092626664157
8094,0.08480735499289868,0.031408861385156514,0.8837837836219448
8095,0.43252509073183576,0.1024673401019934,0.4650075691661708
8096,0.32900028585790375,0.009884251996998304,0.6611154621450981
8097,0.31116894433388553,0.023942738156761477,0.664888317509353
8098,0.8842948097588903,0.007271628243043812,0.10843356199806595
8099,0.8456095729054993,0.004145710255567291,0.15024471683893334
8100,0.04124461205253426,0.0026030418543879445,0.9561523460930778
8101,0.43291513233626183,0.04769107540220289,0.5193937922615353
8102,0.7929350423156486,0.012211708095084612,0.1948532495892668
8103,0.4321183665475063,0.09567430094953025,0.4722073325029636
8104,0.4940938143556223,0.11484621630884372,0.3910599693355339
8105,0.030780108613100446,0.001949772894007079,0.9672701184928926
8106,0.9760404285137625,0.0019359730097500674,0.022023598476487223
8107,0.023902020670099302,0.004462428066418569,0.971635551263482
8108,0.9522658905548325,0.0072861087078196106,0.04044800073734777
8109,0.6755274293687753,0.0029813845152774554,0.3214911861159473
8110,0.9763673402078326,0.007239145076772349,0.016393514715395227
8111,0.8155136721993224,0.06707035425818812,0.11741597354248967
8112,0.7275576765864677,0.006870352652708668,0.26557197076082345
8113,0.021452595762779587,0.022352951723226232,0.9561944525139942
8114,0.06022162964727925,0.04384007855374431,0.8959382917989765
8115,0.9349445587024486,0.005858031221635503,0.05919741007591589
8116,0.8203195914993153,0.06475051440881902,0.11492989409186567
8117,0.17482601263378322,0.011134429951444216,0.8140395574147725
8118,0.6820929727870974,0.07572892083628058,0.2421781063766221
8119,0.6061829650286605,0.03131608246600306,0.3625009525053364
8120,0.959241758157059,0.010496156945049748,0.03026208489789112
8121,0.39114292621116586,0.07075600049687993,0.5381010732919543
8122,0.9858244897493812,0.001100453195135286,0.013075057055483511
8123,0.9803582953180596,0.0011172681847032937,0.018524436497236924
8124,0.2866238958204934,0.40262780616767135,0.31074829801183523
8125,0.7810527102244609,0.010938595396544808,0.2080086943789942
8126,0.9045913369965995,0.011482681999910791,0.08392598100348966
8127,0.24312562416099995,0.017105710508691464,0.7397686653303086
8128,0.5130317148782266,0.026024299774037703,0.46094398534773556
8129,0.9508321945996098,0.024826551246251344,0.024341254154138785
8130,0.6360010947907564,0.01741162261250335,0.3465872825967401
8131,0.03097112011589271,0.016782491143503844,0.9522463887406034
8132,0.8088361720953123,0.05967270720738998,0.13149112069729774
8133,0.936771049184705,0.014813913061954538,0.048415037753340495
8134,0.679280107839057,0.07161006387260865,0.24910982828833436
8135,0.029822217214091194,0.002941810851067138,0.9672359719348417
8136,0.04975403703110538,0.003085791665388161,0.9471601713035064
8137,0.20240452168530818,0.003973724715360898,0.793621753599331
8138,0.09616854217588959,0.008293836274121991,0.8955376215499884
8139,0.05922433476372151,0.00594282446523517,0.9348328407710434
8140,0.8497732676220406,0.013529686427384642,0.13669704595057472
8141,0.9678663602315726,0.0037679695977511406,0.02836567017067635
8142,0.7757685328009774,0.20161454547120963,0.022616921727813006
8143,0.9455422715317449,0.022144951155780586,0.03231277731247456
8144,0.2260172022683778,0.1132324760067906,0.6607503217248316
8145,0.9061106115390473,0.004455138599014128,0.08943424986193867
8146,0.9370699824783917,0.001868014966411457,0.06106200255519677
8147,0.49618826407350697,0.007732342129505141,0.49607939379698796
8148,0.9235200732878381,0.0022836778244565725,0.07419624888770542
8149,0.9663938528514515,0.009570700065603607,0.024035447082945013
8150,0.9160733126163207,0.03395281880144897,0.04997386858223019
8151,0.11737362580925954,0.010120591149975995,0.8725057830407645
8152,0.9563594787353886,0.003079162946005675,0.040561358318605606
8153,0.8792451892975984,0.004759450103306425,0.11599536059909536
8154,0.9454354460084251,0.014300853369764655,0.04026370062181007
8155,0.13034902604756093,0.009897721554765924,0.8597532523976732
8156,0.9761855262734032,0.010677577389308352,0.013136896337288416
8157,0.8511825207998216,0.010085726102090591,0.13873175309808772
8158,0.9699889090328494,0.01169989719806784,0.01831119376908257
8159,0.3673122220993978,0.0381618760388242,0.594525901861778
8160,0.7292677574506923,0.03260637801829827,0.2381258645310094
8161,0.8885455723361412,0.00957268317390983,0.10188174448994892
8162,0.2751267133277631,0.25784644787459465,0.4670268387976421
8163,0.16851524178638633,0.05562950705775182,0.7758552511558618
8164,0.6974284171802364,0.03262622905901887,0.2699453537607448
8165,0.04843033360538254,0.004165490173881443,0.947404176220736
8166,0.6726903896665414,0.002223262911332549,0.32508634742212605
8167,0.5951340474123399,0.07685712068325963,0.32800883190440044
8168,0.6896061265457045,0.009339399922596777,0.3010544735316987
8169,0.7781992231252386,0.004194238534732945,0.2176065383400285
8170,0.6988750084048987,0.031402840480974095,0.2697221511141272
8171,0.01799554398708917,0.0019093031657584005,0.9800951528471524
8172,0.04571257394797717,0.01735943173655305,0.9369279943154698
8173,0.6734417183456816,0.007583179082749461,0.3189751025715691
8174,0.9472696550007954,0.00100757041152323,0.05172277458768137
8175,0.9652090979528318,0.004425212068434858,0.030365689978733363
8176,0.6372448326262715,0.006402977784319376,0.3563521895894092
8177,0.15511788392293246,0.05631760615177161,0.7885645099252959
8178,0.7841976676895547,0.03990477407477672,0.17589755823566858
8179,0.373335210767169,0.01475660032105753,0.6119081889117733
8180,0.37052291485397537,0.10744807211995101,0.5220290130260736
8181,0.23710986427610337,0.03046786213424568,0.732422273589651
8182,0.974482605346843,0.0035090994557425794,0.022008295197414707
8183,0.5952085206665403,0.004509053991759569,0.4002824253417002
8184,0.8773219711285432,0.019807061285324615,0.10287096758613234
8185,0.979008017717824,0.008346573277896525,0.012645409004279455
8186,0.8502975419479191,0.01717072808481535,0.1325317299672656
8187,0.11502349846031759,0.01840293424071121,0.8665735672989713
8188,0.9017198307115476,0.0035251003328143626,0.09475506895563796
8189,0.14391983977906012,0.06642986349145902,0.7896502967294807
8190,0.06420307836136385,0.7875038395340421,0.14829308210459408
8191,0.9364552484524032,0.002507671692172633,0.061037079855424184
8192,0.9469410221676803,0.005246229971959257,0.04781274786036043
8193,0.9381353714439428,0.001275120111430864,0.060589508444626294
8194,0.3062427254660413,0.6555285308929647,0.038228743640993906
8195,0.9082327229567638,0.0017686201371610705,0.08999865690607524
8196,0.9129632305043809,0.005235314934451428,0.08180145456116765
8197,0.8466725886710614,0.0026652404930930912,0.15066217083584543
8198,0.4543041116195252,0.03372906999768119,0.5119668183827936
8199,0.963850729516294,0.003332805910832623,0.03281646457287327
8200,0.9849587834248624,0.0022449376790749966,0.012796278896062564
8201,0.07195490050583889,0.003933753464387492,0.9241113460297735
8202,0.38416013042571856,0.010568153363751729,0.6052717162105297
8203,0.8559450736556616,0.006965846428237007,0.13708907991610142
8204,0.23629097250814013,0.02254221644311622,0.7411668110487436
8205,0.9397843035785084,0.0010894425555425023,0.0591262538659492
8206,0.2079406058966432,0.011087317825735856,0.7809720762776209
8207,0.9636476621330352,0.0016062992369282345,0.034746038630036544
8208,0.08505710340543349,0.03779175398195726,0.8771511426126092
8209,0.42266799097505403,0.011186393289448983,0.566145615735497
8210,0.9339222634219763,0.0031273544738900584,0.06295038210413374
8211,0.4842827916113372,0.04361802727043688,0.4720991811182258
8212,0.9432124616270514,0.0024133654314309532,0.05437417294151764
8213,0.9331328772793885,0.031081193493526872,0.035785929227084505
8214,0.037604021844049935,0.009384861126756636,0.9530111170291935
8215,0.9153704913007926,0.06522126624087539,0.019408242458332062
8216,0.9502226449668759,0.004274594556772763,0.04550276047635149
8217,0.6672600204309811,0.026290453486225,0.30644952608279397
8218,0.06747097833128833,0.0230858462591346,0.9094431754095771
8219,0.9431125197491768,0.02219764867876577,0.034689831572057434
8220,0.9359441836953147,0.002606283276964453,0.06144953302772081
8221,0.4696157135914337,0.007170423702277625,0.5232138627062887
8222,0.32964252780990433,0.009922218481106257,0.6604352537089894
8223,0.7898086118958486,0.043778452894381856,0.16641293520976957
8224,0.7509659566703991,0.06360554867818248,0.18542849465141836
8225,0.18770007390165278,0.017677688910060312,0.794622237188287
8226,0.01484472726364193,0.0020066626017958074,0.9831486101345623
8227,0.9866196108227457,0.004167500544762076,0.00921288863249217
8228,0.9150667463643322,0.003863691936256093,0.0810695616994119
8229,0.23396241099130988,0.007915568022295209,0.7581220209863948
8230,0.5132424991618673,0.06198149842711086,0.4247760024110219
8231,0.7950522560281351,0.13055433343100678,0.07439341054085806
8232,0.5538217701883055,0.012748149350748073,0.4334300804609464
8233,0.05318501040512871,0.008372791193312336,0.9384421984015588
8234,0.969554827234364,0.004294579443428286,0.026150593322207715
8235,0.3181470555214187,0.038581484518054085,0.6432714599605273
8236,0.27566569908145716,0.02819715711766841,0.6961371438008744
8237,0.9137593227724572,0.021217382223600072,0.06502329500394283
8238,0.3108184929392155,0.008206290405780992,0.6809752166550035
8239,0.06423414692075323,0.15904850887394206,0.7767173442053047
8240,0.8510497850237304,0.06449293165074849,0.08445728332552126
8241,0.021285863915629748,0.0025272188585809614,0.9761869172257893
8242,0.7787582407985895,0.006297654516061985,0.2149441046853485
8243,0.6921496553144589,0.12289259834289677,0.1849577463426444
8244,0.9768281047816414,0.0005799977773980825,0.022591897440960507
8245,0.9595786245341532,0.007152126593101621,0.03326924887274515
8246,0.6617750769973021,0.015454078134908626,0.3227708448677891
8247,0.9773468980723715,0.0026616699544287324,0.01999143197319977
8248,0.9779008648679336,0.002783515739822592,0.019315619392243712
8249,0.8538659370106372,0.008358482693272606,0.13777558029609016
8250,0.9514773499701059,0.006938035819959048,0.04158461420993497
8251,0.8477751653272799,0.0023379691783566,0.14988686549436359
8252,0.7815859148090729,0.016987888433754608,0.20142619675717255
8253,0.9504336551617819,0.0037751964162341146,0.045791148421983945
8254,0.740762135308441,0.009589702267618355,0.2496481624239407
8255,0.5621670035807049,0.05096554913025916,0.38686744728903594
8256,0.583186857132325,0.03632129636851625,0.3804918464991589
8257,0.8673914748556919,0.06130162186516558,0.07130690327914234
8258,0.010060346343710523,0.0005473745559314179,0.989392279100358
8259,0.051188688504311144,0.013455731366358824,0.93535558012933
8260,0.9422545130057078,0.004699412453683635,0.0530460745406084
8261,0.941414076421704,0.0034458913083764498,0.05514003226991949
8262,0.7804882608621706,0.0053128330618500376,0.21419890607597925
8263,0.9105817162712537,0.02002195827283186,0.06939632545591462
8264,0.9310288748247053,0.0024635582426321186,0.06650756693266258
8265,0.7628992786286641,0.04299550900993794,0.19410521236139786
8266,0.010996261118161606,0.001384350162486227,0.9876193887193521
8267,0.937348209395812,0.005219158701480359,0.05743263190270779
8268,0.9415199631365709,0.0079405402767953,0.05053949658663392
8269,0.9242021298850309,0.010015992639255981,0.0657818774757131
8270,0.6512116788766609,0.07520459354916105,0.27358372757417815
8271,0.9495261177755933,0.011335351345146988,0.03913853087925984
8272,0.9672612577070633,0.001279430676034877,0.03145931161690201
8273,0.9128775538917381,0.0396747548603893,0.04744769124787264
8274,0.8344669205636126,0.013649316773319618,0.15188376266306777
8275,0.060008161930187084,0.08963595459725845,0.8503558834725545
8276,0.3128485081148669,0.004651619213290576,0.6824998726718424
8277,0.9382369450768604,0.005545228766197583,0.0562178261569419
8278,0.8747287533597153,0.016422726621539676,0.108848520018745
8279,0.8435760658052079,0.0023692368918363693,0.1540546973029557
8280,0.04368185839940767,0.006117774957276437,0.9502003666433158
8281,0.6781720680343504,0.04379499818548128,0.27803293378016836
8282,0.9687840220293912,0.011992681130689579,0.019223296839919322
8283,0.8949500500600429,0.006904822195653109,0.09814512774430406
8284,0.9602465307840387,0.00667824536941771,0.03307522384654366
8285,0.10564861275689474,0.007844696607741784,0.8865066906353635
8286,0.9897607740488947,0.0014168604591286158,0.008822365491976725
8287,0.8352823980041044,0.007096039475339502,0.15762156252055617
8288,0.9573978309311475,0.003786645566478497,0.03881552350237407
8289,0.5555950608306072,0.030433180817535033,0.4139717583518578
8290,0.14699145055660823,0.013788493708539637,0.8392200557348521
8291,0.43307260007790993,0.007747888388645877,0.5591795115334441
8292,0.7743739991124539,0.01125559603861271,0.2143704048489333
8293,0.8227327750523579,0.0025246430193654307,0.17474258192827657
8294,0.9599637652667422,0.0027626205463119795,0.037273614186945914
8295,0.9830621947693446,0.0015432711279547444,0.015394534102700525
8296,0.7686532771388911,0.005258460521476514,0.22608826233963236
8297,0.9059187212160971,0.003782859900180926,0.09029841888372217
8298,0.9836958262173826,0.0028480461951455355,0.013456127587471773
8299,0.9105342959198454,0.015720026245005878,0.07374567783514861
8300,0.8300564791019456,0.00872358953289309,0.16121993136516127
8301,0.6652878976083051,0.009808500513736119,0.3249036018779587
8302,0.29151257826881594,0.057793309550190734,0.6506941121809934
8303,0.8804267838288276,0.002291995674729746,0.1172812204964426
8304,0.03859147402093938,0.015450440420842175,0.9459580855582185
8305,0.9479172180568102,0.0055185881891469035,0.04656419375404291
8306,0.924121732282466,0.0032238025718068428,0.07265446514572728
8307,0.043578372390923194,0.0016827845218801954,0.9547388430871967
8308,0.805560568687949,0.001469323601418005,0.19297010771063294
8309,0.05744758231827127,0.012351616636928086,0.9302008010448006
8310,0.8749829593149141,0.01737385992406623,0.1076431807610197
8311,0.9381315136562216,0.0015514732574699566,0.06031701308630856
8312,0.9307783260591581,0.0074755986210658775,0.061746075319776036
8313,0.9752210998544183,0.005562857025802521,0.019216043119779234
8314,0.971281032617531,0.004210239619340382,0.02450872776312864
8315,0.8959069939590814,0.04294924848675002,0.06114375755416856
8316,0.9353983864065245,0.005745003990825395,0.05885660960265005
8317,0.7057419414304792,0.11279071635542712,0.18146734221409366
8318,0.6529421301257718,0.054109982368383124,0.29294788750584505
8319,0.01671445023916202,0.01698656685026,0.9662989829105779
8320,0.9098291200099011,0.0027661087731405314,0.08740477121695836
8321,0.8436761826489529,0.010452891339088399,0.14587092601195867
8322,0.4825016581164271,0.030418426806479777,0.4870799150770932
8323,0.012547951021323856,0.0014789398396257128,0.9859731091390505
8324,0.04096451872861914,0.007102916358297048,0.9519325649130838
8325,0.9836710403986368,0.005850973765574073,0.010477985835789103
8326,0.9658042526408521,0.005851791448479661,0.028343955910668114
8327,0.9712263813060983,0.005011574560185192,0.02376204413371644
8328,0.049003195495618164,0.0013349550036616377,0.9496618495007202
8329,0.9735105072567836,0.00330120851735677,0.023188284225859758
8330,0.3293089050199913,0.044857266165865266,0.6258338288141435
8331,0.9717417108448113,0.0015822010036018793,0.026676088151586896
8332,0.4498672273639045,0.2923210950945459,0.25781167754154966
8333,0.8377424460446244,0.001838750962617345,0.1604188029927582
8334,0.8617675150323706,0.0034866509113288856,0.13474583405630056
8335,0.9494555942997164,0.00297650475693488,0.047567900943348715
8336,0.2715405171891099,0.02314120805019918,0.705318274760691
8337,0.4736974558141944,0.00811875880247067,0.5181837853833349
8338,0.966833753732773,0.002466315898554291,0.030699930368672777
8339,0.44060172541815884,0.03936797917876793,0.5200302954030732
8340,0.9535655877344535,0.00404186704316427,0.042392545222382276
8341,0.9343054263634758,0.00992107729440981,0.05577349634211423
8342,0.9742267212750821,0.004121679354931586,0.021651599369986316
8343,0.6320107131214905,0.02057413505424331,0.3474151518242663
8344,0.05298446084693594,0.015633560785334663,0.9313819783677294
8345,0.9761698044867169,0.001698235395665151,0.02213196011761794
8346,0.8013571738876079,0.005859453533956353,0.19278337257843575
8347,0.45970094261507893,0.11808713400198437,0.42221192338293667
8348,0.3763844922728758,0.025265838206751837,0.5983496695203723
8349,0.9726753692795069,0.0012193531506761897,0.02610527756981692
8350,0.7277099688373607,0.0036762300551393874,0.26861380110749994
8351,0.7599795728858695,0.004631010605656334,0.23538941650847414
8352,0.9191404949566208,0.003037645921751128,0.07782185912162816
8353,0.020427594499141215,0.002336013214436323,0.9772363922864223
8354,0.03291657166056723,0.03781271247453021,0.9292707158649025
8355,0.9832650999131359,0.0010842629053056296,0.015650637181558548
8356,0.7643426375105609,0.00468468570801786,0.2309726767814213
8357,0.06331908715861266,0.00991047452562913,0.9267704383157581
8358,0.03391503251947269,0.06177027744379672,0.9043146900367307
8359,0.9791635517727832,0.0018620163995939582,0.0189744318276229
8360,0.9301868497762271,0.001702599937657387,0.06811055028611533
8361,0.2501892696907654,0.004579391375214277,0.7452313389340204
8362,0.9085386165666604,0.014619667091818622,0.07684171634152084
8363,0.450516584603411,0.005858243986866191,0.5436251714097228
8364,0.9509285781239847,0.013277962010495397,0.03579345986551989
8365,0.8406949961863825,0.003727170007667598,0.15557783380594986
8366,0.8038235912666619,0.005012420787866949,0.19116398794547118
8367,0.8186078207664615,0.00570851859438994,0.17568366063914845
8368,0.9234571157641215,0.009563580695126691,0.06697930354075181
8369,0.46597025126558544,0.005807982790892598,0.5282217659435219
8370,0.8801800062270211,0.005635727352249507,0.11418426642072958
8371,0.7845943164151202,0.005947477131975017,0.2094582064529048
8372,0.008871469946657872,0.001859608120473634,0.9892689219328685
8373,0.0409429125138868,0.015631252150868764,0.9434258353352445
8374,0.2346560173934726,0.0035405538562155647,0.7618034287503118
8375,0.9846535158715781,0.002392729053992809,0.012953755074429044
8376,0.13700531563463772,0.011268505574604525,0.8517261787907577
8377,0.8415296868459087,0.0209688739190485,0.13750143923504282
8378,0.8441792566043437,0.09038899225720019,0.06543175113845622
8379,0.9524703486197571,0.001984015859615149,0.045545635520627695
8380,0.7573938155448141,0.0037113882387368635,0.23889479621644896
8381,0.9535102317223704,0.016872055242254342,0.02961771303537537
8382,0.8891305141088475,0.003525404756449203,0.10734408113470338
8383,0.9363770060580522,0.007472589000406503,0.05615040494154136
8384,0.9540127213224812,0.00547992766169257,0.04050735101582632
8385,0.13920197279816715,0.09612850610531995,0.7646695210965129
8386,0.3378213551570078,0.011580196936499917,0.6505984479064922
8387,0.9727648323028084,0.0014803716172875484,0.025754796079903972
8388,0.7723370358489288,0.006508623425886478,0.2211543407251848
8389,0.6590929776052576,0.1359642437575746,0.20494277863716787
8390,0.04029685674216499,0.005610072488456867,0.9540930707693781
8391,0.7136409089784803,0.02222051698887946,0.2641385740326403
8392,0.9009945936598796,0.019935902463293517,0.07906950387682674
8393,0.9831402014976239,0.0014803236052524243,0.015379474897123716
8394,0.6567807950087624,0.027682099539121204,0.31553710545211644
8395,0.216055726373585,0.024915696533956123,0.7590285770924589
8396,0.8660846120563448,0.02059378615249763,0.11332160179115773
8397,0.9484021155186965,0.0033728843457170223,0.04822500013558663
8398,0.9586154931326493,0.0027353696167162875,0.03864913725063448
8399,0.8674422320119275,0.046699812718766415,0.08585795526930602
8400,0.010217509719785136,0.005766506476809811,0.9840159838034052
8401,0.5460302891870372,0.1193791662694646,0.3345905445434982
8402,0.2464859263492092,0.05437539866037108,0.6991386749904197
8403,0.08339915544681693,0.057549529113730194,0.8590513154394528
8404,0.7248576825453117,0.006031529836247791,0.2691107876184406
8405,0.07982438168315564,0.005521646102957373,0.9146539722138869
8406,0.8652792629041837,0.001979413244976454,0.1327413238508399
8407,0.9434786219332406,0.0033672630053611587,0.05315411506139815
8408,0.881091152989287,0.007436587025749132,0.1114722599849639
8409,0.049120752123290694,0.005135985965791378,0.9457432619109181
8410,0.47799908926428836,0.25643119449524115,0.2655697162404706
8411,0.8889495471630896,0.010388619442075035,0.1006618333948354
8412,0.02415310810884383,0.01845804438414568,0.9573888475070106
8413,0.01295585942651181,0.005504023375170174,0.981540117198318
8414,0.9537016088547396,0.003629674422168206,0.042668716723092186
8415,0.942892973752765,0.004434101986574889,0.052672924260660135
8416,0.9381457783649855,0.004886689191320533,0.05696753244369415
8417,0.5903993961232726,0.003727526602388756,0.40587307727433863
8418,0.8273574179148818,0.033528287163951405,0.13911429492116686
8419,0.047197648395057745,0.034123959514169404,0.9186783920907728
8420,0.8706952861151299,0.0028129216785795085,0.12649179220629037
8421,0.1823516092060181,0.020105452695772897,0.797542938098209
8422,0.968886793591777,0.003972381348657394,0.027140825059565565
8423,0.9582867351380988,0.004790778985899923,0.03692248587600141
8424,0.6197881942804563,0.06893936094142639,0.31127244477811733
8425,0.8780930962223134,0.011606612915976285,0.11030029086171055
8426,0.07092272645578739,0.05141356073185627,0.8776637128123563
8427,0.6984545728300644,0.12488353473936677,0.1766618924305689
8428,0.9856113777058881,0.0008503653913173099,0.013538256902794392
8429,0.9722292214244682,0.001498522036217008,0.026272256539314844
8430,0.9605934424208221,0.007800609219697371,0.03160594835948063
8431,0.08403931142691248,0.008521984924647506,0.9074387036484399
8432,0.4897776482606015,0.18628112310456083,0.3239412286348376
8433,0.8857112953465606,0.026090832279581786,0.08819787237385768
8434,0.03959459417490075,0.014935092449816107,0.9454703133752831
8435,0.9631382286866307,0.0019530742215280229,0.034908697091841336
8436,0.7987021714572697,0.01939859055785502,0.1818992379848753
8437,0.055044783917253065,0.010487220352583418,0.9344679957301636
8438,0.972129987112496,0.00859072388810151,0.01927928899940238
8439,0.427899464390389,0.05280436820821283,0.5192961674013982
8440,0.8452912993128002,0.06656033554701829,0.08814836514018139
8441,0.2547425889210956,0.0035534180342427684,0.7417039930446617
8442,0.9508196820018825,0.007294896217624371,0.04188542178049313
8443,0.940220071420405,0.0016909202842723397,0.05808900829532271
8444,0.9275859082164671,0.030646311975992577,0.04176777980754021
8445,0.9768923029353755,0.0054724230628794635,0.017635274001745065
8446,0.8190062415383321,0.0045440048514258915,0.17644975361024198
8447,0.10557236424549364,0.06006623049875588,0.8343614052557504
8448,0.9264445681503808,0.0015715547509700081,0.07198387709864917
8449,0.42287581335109775,0.1816603415575177,0.3954638450913846
8450,0.6319782341610392,0.04417010772133618,0.3238516581176246
8451,0.9507920018449444,0.003907485803257584,0.04530051235179795
8452,0.9782517216629509,0.0012798531384020206,0.020468425198647125
8453,0.818269874680675,0.02598628870743406,0.15574383661189095
8454,0.5183380865108207,0.030216569858968194,0.451445343630211
8455,0.22349464559983467,0.002566131776368068,0.7739392226237973
8456,0.508671773538474,0.016690042004254054,0.47463818445727196
8457,0.9403706806735704,0.00545574124646751,0.05417357807996213
8458,0.6844887829890298,0.13041943235726675,0.18509178465370343
8459,0.9726458010476228,0.0042006921977852186,0.023153506754591952
8460,0.9673793261654413,0.0033870805501619613,0.029233593284396592
8461,0.04856352137793662,0.03868397436443441,0.9127525042576291
8462,0.9484276704620055,0.0054459672704180685,0.046126362267576285
8463,0.2589145191476999,0.012121179392506917,0.7289643014597932
8464,0.9213439779152527,0.022930347467743112,0.0557256746170042
8465,0.4916808465742894,0.009328877492857181,0.4989902759328534
8466,0.897811100988068,0.01214052279410336,0.09004837621782866
8467,0.9659695049539234,0.0027144877928697384,0.031316007253206726
8468,0.4058202646286212,0.050809958027699206,0.5433697773436795
8469,0.1019672509752314,0.03455879353399956,0.863473955490769
8470,0.7577853005635174,0.016649596143539374,0.2255651032929432
8471,0.9340471750324849,0.003167075370430119,0.06278574959708479
8472,0.9303828072285191,0.012416651935785563,0.057200540835695216
8473,0.973315222045635,0.008142146454002547,0.01854263150036242
8474,0.8957859324612112,0.018455340169153414,0.08575872736963533
8475,0.11462523046200623,0.007370118928001172,0.8780046506099927
8476,0.9050339780380516,0.0048351432736973175,0.09013087868825101
8477,0.4623296456574915,0.2718588851572641,0.26581146918524445
8478,0.9246904872966022,0.020935668841606872,0.05437384386179092
8479,0.9513544048389344,0.008479261810116214,0.0401663333509493
8480,0.9495513970921133,0.005381108588471875,0.04506749431941482
8481,0.9811775507566647,0.0038234909277538496,0.0149989583155815
8482,0.39960254143496743,0.005031826344718081,0.5953656322203145
8483,0.06451532626848124,0.007071608573667757,0.928413065157851
8484,0.9217110859249528,0.014848451497836177,0.063440462577211
8485,0.9746227105449994,0.002475458751567938,0.02290183070343251
8486,0.09275436780283151,0.009458318858198572,0.89778731333897
8487,0.8384375825316507,0.0067751846493317855,0.1547872328190176
8488,0.9746745416250512,0.003218767941063443,0.022106690433885346
8489,0.5939450046372191,0.011083980707706805,0.39497101465507417
8490,0.14393625979521676,0.010631071398633719,0.8454326688061495
8491,0.11790766876681011,0.005525815509239976,0.87656651572395
8492,0.9143829875746086,0.021987865875743372,0.06362914654964814
8493,0.7586903925029858,0.007203030824549125,0.23410657667246504
8494,0.8408022480954822,0.008144882390142823,0.15105286951437497
8495,0.9232668390506485,0.021304210382426806,0.05542895056692471
8496,0.9064700463937412,0.011985960959962407,0.08154399264629654
8497,0.948681924902955,0.0021951482995639093,0.049122926797481196
8498,0.05631397874957571,0.00710444802789132,0.936581573222533
8499,0.9564013322070765,0.003575158836680662,0.04002350895624283
8500,0.8121659587152807,0.029525089982369867,0.1583089513023493
8501,0.7876754026927424,0.01598722385073073,0.19633737345652694
8502,0.06867523104743237,0.0035519633498176744,0.92777280560275
8503,0.8522748327850147,0.061626577922646184,0.08609858929233913
8504,0.05532568614802146,0.006385821984733302,0.9382884918672453
8505,0.9601254934830381,0.0012388571309767083,0.03863564938598498
8506,0.977703251754733,0.00197184014147123,0.020324908103795617
8507,0.9184377158024909,0.0020095672497667328,0.0795527169477424
8508,0.7880222937329138,0.004063060073489348,0.20791464619359704
8509,0.9640355065544381,0.004570176798369507,0.03139431664719237
8510,0.7146277152013356,0.05073518948760732,0.2346370953110572
8511,0.9462861040410866,0.01661663693987375,0.037097259019039715
8512,0.04770710408330009,0.0028756635925326866,0.9494172323241672
8513,0.3822430855068452,0.2266680816242153,0.3910888328689396
8514,0.09684547847542249,0.0064485156618426,0.896706005862735
8515,0.8983651435945725,0.002007296095366168,0.09962756031006138
8516,0.11091599059012486,0.014985429524248797,0.8740985798856263
8517,0.6126666173003409,0.015757373834334745,0.37157600886532444
8518,0.36309980031635575,0.3944661884141147,0.24243401126952951
8519,0.47544046335756784,0.027400842380066615,0.49715869426236536
8520,0.9755717306919358,0.005095361145575939,0.01933290816248822
8521,0.9386447218004668,0.001719381146322318,0.05963589705321084
